0.000000 0.666667 1.333333 2.000000 2.666667 3.333333 4.000000 4.666667 5.333333 6.000000 6.666667 7.333333 8.000000 8.666667 9.333333 10.000000 10.666667 11.333333 12.000000 12.666667 13.333333 14.000000 14.666667 15.333333 16.000000 16.666667 17.333333 18.000000 18.666667 19.333333 
0.000000 0.666667 1.333333 2.000000 2.666667 3.333333 4.000000 4.666667 5.333333 6.000000 6.666667 7.333333 8.000000 8.666667 9.333333 10.000000 10.666667 11.333333 12.000000 12.666667 13.333333 14.000000 14.666667 15.333333 16.000000 16.666667 17.333333 18.000000 18.666667 19.333333 
300.000000 304.696528 307.446048 309.567924 311.316935 312.788870 314.036547 315.093804 315.983889 316.723418 317.324524 317.796116 318.144657 318.374651 318.488956 318.488956 318.374651 318.144657 317.796116 317.324524 316.723418 315.983889 315.093804 314.036547 312.788870 311.316935 309.567924 307.446048 304.696528 300.000000 
300.000000 303.436399 306.037491 308.130705 309.868939 311.334933 312.578802 313.633444 314.521660 315.259825 315.859928 316.330793 316.678826 316.908500 317.022648 317.022648 316.908500 316.678826 316.330793 315.859928 315.259825 314.521660 313.633444 312.578802 311.334933 309.868939 308.130705 306.037491 303.436399 300.000000 
300.000000 302.605040 304.878704 306.819016 308.474515 309.890390 311.101365 312.133204 313.005046 313.731220 314.322502 314.786959 315.130521 315.357359 315.470132 315.470132 315.357359 315.130521 314.786959 314.322502 313.731220 313.005046 312.133204 311.101365 309.890390 308.474515 306.819016 304.878704 302.605040 300.000000 
300.000000 302.105059 304.053267 305.792143 307.319714 308.650750 309.803064 310.792961 311.634100 312.337509 312.911901 313.364021 313.698942 313.920287 314.030388 314.030388 313.920287 313.698942 313.364021 312.911901 312.337509 311.634100 310.792961 309.803064 308.650750 307.319714 305.792143 304.053267 302.105059 300.000000 
300.000000 301.761927 303.437164 304.976574 306.361451 307.589830 308.667182 309.601477 310.400886 311.072817 311.623573 312.058283 312.380939 312.594459 312.700748 312.700748 312.594459 312.380939 312.058283 311.623573 311.072817 310.400886 309.601477 308.667182 307.589830 306.361451 304.976574 303.437164 301.761927 300.000000 
300.000000 301.505484 302.956889 304.315540 305.559685 306.679939 307.674357 308.544879 309.295151 309.929301 310.451291 310.864601 311.172075 311.375862 311.477397 311.477397 311.375862 311.172075 310.864601 310.451291 309.929301 309.295151 308.544879 307.674357 306.679939 305.559685 304.315540 302.956889 301.505484 300.000000 
300.000000 301.303120 302.569367 303.769012 304.881810 305.895885 306.805429 307.608533 308.305540 308.897945 309.387692 309.776757 310.066899 310.259519 310.355584 310.355584 310.259519 310.066899 309.776757 309.387692 308.897945 308.305540 307.608533 306.805429 305.895885 304.881810 303.769012 302.569367 301.303120 300.000000 
300.000000 301.137629 302.248448 303.309330 304.302660 305.216361 306.042943 306.778284 307.420533 307.969247 308.424775 308.787837 309.059246 309.239734 309.329836 309.329836 309.239734 309.059246 308.787837 308.424775 307.969247 307.420533 306.778284 306.042943 305.216361 304.302660 303.309330 302.248448 301.137629 300.000000 
300.000000 300.998947 301.977467 302.917201 303.803139 304.623958 305.371697 306.041129 306.629062 307.133736 307.554325 307.890570 308.142517 308.310334 308.394192 308.394192 308.310334 308.142517 307.890570 307.554325 307.133736 306.629062 306.041129 305.371697 304.623958 303.803139 302.917201 301.977467 300.998947 300.000000 
300.000000 300.880694 301.745272 302.578868 303.368737 304.104634 304.778761 305.385472 305.920852 306.382312 306.768220 307.077602 307.309919 307.464895 307.542406 307.542406 307.464895 307.309919 307.077602 306.768220 306.382312 305.920852 305.385472 304.778761 304.104634 303.368737 302.578868 301.745272 300.880694 300.000000 
300.000000 300.778555 301.544061 302.284263 302.988310 303.647079 304.253244 304.801146 305.286562 305.706442 306.058641 306.341702 306.554664 306.696923 306.768132 306.768132 306.696923 306.554664 306.341702 306.058641 305.706442 305.286562 304.801146 304.253244 303.647079 302.988310 302.284263 301.544061 300.778555 300.000000 
300.000000 300.689466 301.368153 302.025814 302.653159 303.242129 303.785990 304.279305 304.717811 305.098252 305.418202 305.675901 305.870111 306.000003 306.065068 306.065068 306.000003 305.870111 305.675901 305.418202 305.098252 304.717811 304.279305 303.785990 303.242129 302.653159 302.025814 301.368153 300.689466 300.000000 
300.000000 300.611155 301.213272 301.797680 302.356386 302.882288 303.369283 303.812275 304.207127 304.550554 304.840015 305.073590 305.249879 305.367910 305.427072 305.427072 305.367910 305.249879 305.073590 304.840015 304.550554 304.207127 303.812275 303.369283 302.882288 302.356386 301.797680 301.213272 300.611155 300.000000 
300.000000 300.541883 301.076100 301.595248 302.092416 302.561356 302.996578 303.393387 303.747867 304.056824 304.317714 304.528567 304.687906 304.794686 304.848238 304.848238 304.794686 304.687906 304.528567 304.317714 304.056824 303.747867 303.393387 302.996578 302.561356 302.092416 301.595248 301.076100 300.541883 300.000000 
300.000000 300.480277 300.953997 301.414796 301.856676 302.274142 302.662286 303.016829 303.334131 303.611160 303.845452 304.035059 304.178494 304.274690 304.322958 304.322958 304.274690 304.178494 304.035059 303.845452 303.611160 303.334131 303.016829 302.662286 302.274142 301.856676 301.414796 300.953997 300.480277 300.000000 
300.000000 300.425229 300.844815 301.253262 301.645352 302.016252 302.361594 302.677513 302.960669 303.208235 303.417877 303.587722 303.716322 303.802625 303.845946 303.845946 303.802625 303.716322 303.587722 303.417877 303.208235 302.960669 302.677513 302.361594 302.016252 301.645352 301.253262 300.844815 300.425229 300.000000 
300.000000 300.375824 300.746773 301.108086 301.455216 301.783921 302.090325 302.370962 302.622798 302.843235 303.030100 303.181630 303.296448 303.373543 303.412255 303.412255 303.373543 303.296448 303.181630 303.030100 302.843235 302.622798 302.370962 302.090325 301.783921 301.455216 301.108086 300.746773 300.375824 300.000000 
300.000000 300.331293 300.658367 300.977092 301.283507 301.573892 301.844823 302.093211 302.316327 302.511807 302.677659 302.812251 302.914296 302.982847 303.017277 303.017277 302.982847 302.914296 302.812251 302.677659 302.511807 302.316327 302.093211 301.844823 301.573892 301.283507 300.977092 300.658367 300.331293 300.000000 
300.000000 300.290981 300.578311 300.858409 301.127828 301.383317 301.621865 301.840735 302.037491 302.210008 302.356481 302.475418 302.565641 302.626271 302.656731 302.656731 302.626271 302.565641 302.475418 302.356481 302.210008 302.037491 301.840735 301.621865 301.383317 301.127828 300.858409 300.578311 300.290981 300.000000 
300.000000 300.254321 300.505488 300.750403 300.986079 301.209685 301.418585 301.610373 301.782893 301.934254 302.062838 302.167302 302.246577 302.299868 302.326645 302.326645 302.299868 302.246577 302.167302 302.062838 301.934254 301.782893 301.610373 301.418585 301.209685 300.986079 300.750403 300.505488 300.254321 300.000000 
300.000000 300.220814 300.438915 300.651638 300.856402 301.050758 301.232417 301.399280 301.549456 301.681278 301.793316 301.884374 301.953499 301.999978 302.023336 302.023336 301.999978 301.953499 301.884374 301.793316 301.681278 301.549456 301.399280 301.232417 301.050758 300.856402 300.651638 300.438915 300.220814 300.000000 
300.000000 300.190020 300.377723 300.560830 300.737133 300.904529 301.061047 301.204874 301.334371 301.448088 301.544773 301.623380 301.683069 301.723211 301.743387 301.743387 301.723211 301.683069 301.623380 301.544773 301.448088 301.334371 301.204874 301.061047 300.904529 300.737133 300.560830 300.377723 300.190020 300.000000 
300.000000 300.161542 300.321127 300.476826 300.626771 300.769177 300.902368 301.024799 301.135068 301.231930 301.314310 301.381304 301.432185 301.466410 301.483613 301.483613 301.466410 301.432185 301.381304 301.314310 301.231930 301.135068 301.024799 300.902368 300.769177 300.626771 300.476826 300.321127 300.161542 300.000000 
300.000000 300.135023 300.268417 300.398577 300.523948 300.643039 300.754451 300.856887 300.949171 301.030256 301.099233 301.155339 301.197960 301.226631 301.241044 301.241044 301.226631 301.197960 301.155339 301.099233 301.030256 300.949171 300.856887 300.754451 300.643039 300.523948 300.398577 300.268417 300.135023 300.000000 
300.000000 300.110131 300.218939 300.325119 300.427404 300.524582 300.615509 300.699127 300.774474 300.840689 300.897028 300.942862 300.977683 301.001111 301.012888 301.012888 301.001111 300.977683 300.942862 300.897028 300.840689 300.774474 300.699127 300.615509 300.524582 300.427404 300.325119 300.218939 300.110131 300.000000 
300.000000 300.086564 300.172090 300.255556 300.335968 300.412374 300.483876 300.549640 300.608907 300.661000 300.705329 300.741397 300.768801 300.787240 300.796510 300.796510 300.787240 300.768801 300.741397 300.705329 300.661000 300.608907 300.549640 300.483876 300.412374 300.335968 300.255556 300.172090 300.086564 300.000000 
300.000000 300.064033 300.127301 300.189048 300.248539 300.305071 300.357980 300.406649 300.450515 300.489075 300.521892 300.548595 300.568886 300.582539 300.589403 300.589403 300.582539 300.568886 300.548595 300.521892 300.489075 300.450515 300.406649 300.357980 300.305071 300.248539 300.189048 300.127301 300.064033 300.000000 
300.000000 300.042269 300.084033 300.124794 300.164069 300.201392 300.236325 300.268462 300.297429 300.322894 300.344568 300.362205 300.375608 300.384626 300.389161 300.389161 300.384626 300.375608 300.362205 300.344568 300.322894 300.297429 300.268462 300.236325 300.201392 300.164069 300.124794 300.084033 300.042269 300.000000 
300.000000 300.021009 300.041767 300.062028 300.081550 300.100102 300.117468 300.133443 300.147844 300.160505 300.171281 300.180050 300.186714 300.191198 300.193453 300.193453 300.191198 300.186714 300.180050 300.171281 300.160505 300.147844 300.133443 300.117468 300.100102 300.081550 300.062028 300.041767 300.021009 300.000000 
300.000000 300.000000 300.000000 300.000000 300.000000 300.000000 300.000000 300.000000 300.000000 300.000000 300.000000 300.000000 300.000000 300.000000 300.000000 300.000000 300.000000 300.000000 300.000000 300.000000 300.000000 300.000000 300.000000 300.000000 300.000000 300.000000 300.000000 300.000000 300.000000 300.000000 
